10	12487
100	3266
101	9069
102	6057
103	5303
104	13234
105	1524
106	5131
107	615
108	5648
109	10695
11	9812
110	723
111	2596
112	952
113	616
114	6809
115	9542
116	8684
117	1298
118	451
119	9696
12	1947
120	11709
121	185
122	5215
123	3332
124	4264
125	1772
126	675
127	7180
128	10373
129	3675
130	1388
132	853
133	1869
134	19960
135	241
136	540
137	1275
138	793
139	5942
14	8865
140	13765
142	21831
143	4746
144	4684
145	11226
146	4680
147	537
148	14488
149	6726
15	6138
150	10306
151	3591
152	1303
153	2687
154	755
155	19103
157	9895
158	575
159	11111
16	328
160	12422
161	1749
162	7576
163	570
164	1086
165	3190
166	947
167	11350
168	2731
169	7357
17	1130
170	888
171	8379
172	8409
173	4343
174	596
175	451
176	1147
178	986
179	21155
181	6412
182	7395
183	73
184	1327
185	1882
186	483
187	13971
188	755
189	6612
19	396
190	1583
191	5015
192	324
193	4681
194	2698
196	5325
198	15294
199	1481
2	2271
20	6672
200	22674
201	605
202	14526
203	15435
204	4980
206	6309
207	7051
208	1242
209	297
21	450
210	7640
211	12732
212	905
213	13535
214	277
215	17152
216	6816
217	608
218	9205
219	5136
22	9294
220	14184
221	9391
222	8790
223	11121
224	14812
225	16157
226	8849
227	12925
228	2573
229	10041
23	4041
230	10853
231	3809
234	257
235	4676
237	4814
238	19287
239	9532
24	7203
240	2890
241	6361
242	6939
243	118
244	5246
245	802
246	8412
247	9620
248	409
249	5533
250	8661
251	1
252	122
253	7516
255	860
256	2687
257	4785
258	16264
259	7696
26	11473
260	11506
261	5333
262	15820
263	1917
264	8437
265	3654
266	8796
267	10139
268	17630
27	869
270	9013
271	2385
273	756
274	2416
275	6082
276	4329
277	11454
278	7663
279	2476
28	750
280	1791
283	1360
284	1584
285	690
286	1873
289	21264
29	8338
290	8756
292	4574
293	84
294	8794
295	425
296	1420
297	5374
298	934
299	2355
3	6996
300	10782
302	4259
303	1652
304	10370
305	9695
306	7904
307	22
308	15709
309	1800
31	3632
310	9184
311	707
312	908
313	6056
315	9478
316	1103
317	5988
318	46
319	18106
32	9989
320	8400
322	9140
323	7374
324	1069
325	10844
326	4732
327	5192
328	4018
329	6422
33	397
331	9563
332	18376
335	2007
337	15315
338	1523
34	3284
340	643
341	1128
343	3083
344	9419
345	1256
347	4251
348	1383
349	3414
350	1984
351	4997
352	429
353	15585
354	2465
355	1083
356	4672
357	9775
358	5468
36	1476
360	6300
361	8099
362	20452
363	497
364	5435
365	1516
366	989
367	7325
368	5633
369	800
37	13529
370	3117
371	4555
372	5657
373	5974
376	12591
377	8705
378	2801
379	276
38	11398
380	6129
383	9369
384	5230
385	1818
386	1116
387	498
388	9534
389	10410
39	4810
391	3578
392	4473
394	18380
395	298
396	6684
397	14909
398	337
399	20082
4	466
400	756
402	5727
403	861
404	442
405	6624
406	1030
407	8375
408	1739
409	7620
41	1259
410	2823
411	1017
412	999
413	10022
414	9428
416	3424
417	13725
419	944
42	5911
420	7195
421	2219
422	5920
423	762
424	15274
425	6181
426	9589
427	10799
428	18812
429	287
43	8763
430	859
431	3756
432	234
433	5745
434	6503
435	1400
436	5203
437	4804
438	2481
439	7633
44	651
440	17805
441	418
442	11397
443	10297
444	16935
445	1910
446	3958
447	5929
448	9710
449	6614
45	5975
450	779
451	2775
452	1189
453	3196
455	1127
456	1179
458	27461
459	3092
46	14850
460	6477
462	5850
463	1097
464	13633
465	1459
466	3748
467	18500
468	6695
469	14067
470	4190
471	878
472	8160
474	7561
475	6551
476	5277
477	9506
478	4476
479	16958
48	2399
480	14126
481	6149
482	12415
483	9481
485	9680
486	6692
487	12108
49	723
491	19374
492	7398
493	8724
494	1089
496	2315
497	7600
498	12011
50	7983
51	9939
52	692
53	18
54	802
55	1213
57	14286
58	14155
6	13404
60	9420
61	925
63	4853
64	364
65	8478
66	11684
67	7198
68	169
69	6615
7	2961
70	19530
72	9666
73	8924
74	882
75	2269
77	1055
78	2091
8	28964
80	2634
81	2940
82	7454
83	1242
84	4097
85	10132
86	6828
87	369
9	8662
90	2093
91	9929
92	245
93	7041
94	583
95	7935
97	18019
98	35737
99	3676
