10	12487
100	1726
101	8499
102	6057
103	4003
104	13088
105	1343
106	5131
108	5648
109	9880
11	9812
111	1878
112	952
114	6429
115	9484
116	7785
119	9696
12	884
120	10981
122	5215
123	2650
124	3870
127	7180
128	9497
129	2799
130	1388
133	1869
134	19275
136	540
137	1275
139	5222
14	8790
140	13765
142	21831
143	4746
144	4684
145	11226
146	4680
148	13115
149	6072
15	6138
150	10092
151	3073
152	922
153	1759
155	17675
157	9895
159	10867
160	12422
162	7389
165	3190
167	11350
168	2731
169	7357
171	8261
172	5056
173	4285
175	377
179	21155
181	5609
182	6640
184	1327
185	1216
187	12702
189	6612
190	1583
191	4573
193	4681
196	4353
198	14317
199	1481
2	2083
20	6672
200	22060
202	13957
203	14514
204	4011
206	5253
207	7051
210	7007
211	12732
213	12899
215	17152
216	6816
218	8379
219	5136
22	9294
220	13877
221	9325
222	7166
223	11121
224	14579
225	15479
226	8849
227	12654
228	1456
229	9441
23	3036
230	9455
231	3127
235	4176
237	3228
238	17467
239	8656
24	7203
240	2890
241	3737
242	6939
244	5246
246	8412
247	9130
249	3885
250	8040
251	1
253	7516
257	4687
258	15618
259	7023
26	10333
260	10593
261	5333
262	15820
264	8437
266	8023
267	8051
268	16887
270	8347
271	2062
274	1413
275	5362
276	4329
277	11270
278	7207
279	2476
280	1103
286	791
289	20708
29	8338
290	8756
292	4574
293	84
294	8023
296	531
297	5269
299	2190
3	6021
300	9538
302	4259
303	1652
304	9501
305	8790
306	7904
308	15709
31	2264
310	7433
311	707
313	6056
315	9478
317	5988
319	17952
32	9181
320	8400
322	9140
323	7374
325	10844
326	4732
327	3720
328	2951
329	5351
331	9563
332	18376
335	1468
337	13521
34	3024
343	2466
344	9189
345	1220
347	3268
349	2496
351	4180
353	15585
354	268
356	3908
357	9088
358	4685
360	6300
361	7603
362	19748
364	5435
367	7325
368	5633
369	800
37	12845
370	1601
371	4555
372	5657
373	5974
376	11945
377	8244
378	2801
379	276
38	11150
380	5632
383	7668
384	5230
385	1136
386	959
388	7583
389	9972
39	4810
391	2837
392	4304
394	17463
396	6267
397	13710
399	19703
402	5727
405	6178
407	7455
408	1201
409	6782
41	592
410	2341
413	10022
414	8671
416	893
417	12373
42	5893
420	6413
422	5234
424	15274
425	6181
426	9589
427	10131
428	18536
43	7781
431	2789
433	5027
434	4647
435	1400
436	5058
437	3156
438	1673
439	7633
440	17805
442	10476
443	9319
444	16935
445	142
446	3958
447	5929
448	8293
449	6614
45	5975
451	1940
453	2493
456	1179
458	27091
459	2225
46	14850
460	5816
462	5382
464	12581
465	1459
466	3748
467	18500
468	5694
469	12296
470	3921
471	878
472	8160
474	6744
475	5811
476	5195
477	9432
478	3812
479	16878
48	1813
480	14126
481	5288
482	11810
483	8951
485	9680
486	6317
487	12108
491	18325
492	6809
493	8236
494	1089
496	2315
497	7600
498	11123
50	7983
51	9939
57	14286
58	14155
6	12445
60	8896
63	3198
65	8478
66	10835
67	7198
69	6546
7	2798
70	18770
72	9129
73	8075
75	2269
8	28964
80	1868
81	2940
82	6504
83	1192
84	3130
85	9593
86	6618
9	8662
91	9480
93	7041
95	7935
97	16740
98	33891
99	3654
500	0
491	1049
401	0
400	756
399	379
398	337
397	1199
396	417
395	298
394	917
393	0
392	169
490	0
391	741
390	0
389	438
388	1951
387	498
386	157
385	682
384	0
383	1701
382	0
489	0
381	0
380	497
379	0
378	0
377	461
376	646
375	0
374	0
373	0
372	0
488	0
371	0
370	1516
369	0
368	0
367	0
366	989
365	1516
364	0
363	497
362	704
487	0
361	496
360	0
359	0
358	783
357	687
356	764
355	1083
354	2197
353	0
352	429
486	375
351	817
350	1984
349	918
348	1383
347	983
346	0
345	36
344	230
343	617
342	0
485	0
341	1128
340	643
339	0
338	1523
337	1794
336	0
335	539
334	0
333	0
332	0
484	0
331	0
330	0
329	1071
328	1067
327	1472
326	0
325	0
324	1069
323	0
322	0
483	530
321	0
320	0
319	154
318	46
317	0
316	1103
315	0
314	0
313	0
312	908
482	605
311	0
310	1751
309	1800
308	0
307	22
306	0
305	905
304	869
303	0
302	0
499	0
481	861
301	0
300	1244
299	165
298	934
297	105
296	889
295	425
294	771
293	0
292	0
480	0
291	0
290	0
289	556
288	0
287	0
286	1082
285	690
284	1584
283	1360
282	0
479	80
281	0
280	688
279	0
278	456
277	184
276	0
275	720
274	1003
273	756
272	0
478	664
271	323
270	666
269	0
268	743
267	2088
266	773
265	3654
264	0
263	1917
262	0
477	74
261	0
260	913
259	673
258	646
257	98
256	2687
255	860
254	0
253	0
252	122
476	82
251	0
250	621
249	1648
248	409
247	490
246	0
245	802
244	0
243	118
242	0
475	740
241	2624
240	0
239	876
238	1820
237	1586
236	0
235	500
234	257
233	0
232	0
474	817
231	682
230	1398
229	600
228	1117
227	271
226	0
225	678
224	233
223	0
222	1624
473	0
221	66
220	307
219	0
218	826
217	608
216	0
215	0
214	277
213	636
212	905
472	0
211	0
210	633
209	297
208	1242
207	0
206	1056
205	0
204	969
203	921
202	569
498	888
471	0
201	605
200	614
199	0
198	977
197	0
196	972
195	0
194	2698
193	0
192	324
470	269
191	442
190	0
189	0
188	755
187	1269
186	483
185	666
184	0
183	73
182	755
469	1771
181	803
180	0
179	0
178	986
177	0
176	1147
175	74
174	596
173	58
172	3353
468	1001
171	118
170	888
169	0
168	0
167	0
166	947
165	0
164	1086
163	570
162	187
467	0
161	1749
160	0
159	244
158	575
157	0
156	0
155	1428
154	755
153	928
152	381
466	0
151	518
150	214
149	654
148	1373
147	537
146	0
145	0
144	0
143	0
142	0
465	0
141	0
140	0
139	720
138	793
137	0
136	0
135	241
134	685
133	0
132	853
464	1052
131	0
130	0
129	876
128	876
127	0
126	675
125	1772
124	394
123	682
122	0
463	1097
121	185
120	728
119	0
118	451
117	1298
116	899
115	58
114	380
113	616
112	0
462	468
111	718
110	723
109	815
108	0
107	615
106	0
105	181
104	146
103	1300
102	0
497	0
461	0
101	570
100	1540
99	22
98	1846
97	1279
96	0
95	0
94	583
93	0
92	245
460	661
91	449
90	2093
89	0
88	0
87	369
86	210
85	539
84	967
83	50
82	950
459	867
81	0
80	766
79	0
78	2091
77	1055
76	0
75	0
74	882
73	849
72	537
458	370
71	0
70	760
69	69
68	169
67	0
66	849
65	0
64	364
63	1655
62	0
457	0
61	925
60	524
59	0
58	0
57	0
56	0
55	1213
54	802
53	18
52	692
456	0
51	0
50	0
49	723
48	586
47	0
46	0
45	0
44	651
43	982
42	18
455	1127
41	667
40	0
39	0
38	248
37	684
36	1476
35	0
34	260
33	397
32	808
454	0
31	1368
30	0
29	0
28	750
27	869
26	1140
25	0
24	0
23	1005
22	0
453	703
21	450
20	0
19	396
18	0
17	1130
16	328
15	0
14	75
13	0
12	1063
452	1189
11	0
10	0
9	0
8	0
7	163
6	959
5	0
4	466
3	975
2	188
496	0
451	835
1	0
450	779
449	0
448	1417
447	0
446	0
445	1768
444	0
443	978
442	921
495	0
441	418
440	0
439	0
438	808
437	1648
436	145
435	0
434	1856
433	718
432	234
494	0
431	967
430	859
429	287
428	276
427	668
426	0
425	0
424	0
423	762
422	686
493	488
421	2219
420	782
419	944
418	0
417	1352
416	2531
415	0
414	757
413	0
412	999
492	589
411	1017
410	482
409	838
408	538
407	920
406	1030
405	446
404	442
403	861
402	0
