pan158,617
322,6665
pan74,137
271,2061
pan266,500
pan280,66
435,1400
pan340,797
pan386,46
pan216,690
pan185,846
pan351,214
pan340,952
253,930
pan254,190
pan172,186
pan72,287
221,9325
120,1660
pan310,442
pan9,424
75,2269
pan27,83
pan309,324
pan499,188
pan38,170
pan325,932
pan151,982
pan163,371
pan457,147
pan234,491
3,6021
pan438,753
pan263,826
303,1652
326,4732
258,8836
pan92,12
464,9762
pan463,132
pan307,165
pan328,58
433,5027
259,7023
pan411,328
pan495,485
pan331,32
pan196,905
458,6428
443,9319
pan460,667
370,1601
397,2038
420,6413
pan101,756
pan438,902
323,7374
228,1456
8,8131
179,4122
pan346,577
pan447,690
337,4132
pan251,7
7,1493
pan409,243
pan135,989
91,3918
223,7395
pan197,830
274,1413
pan465,955
449,868
456,1179
pan301,614
397,4150
pan238,976
8,9126
pan403,855
85,9593
498,2011
306,127
pan174,542
353,6647
467,3503
469,4218
pan446,694
pan424,305
pan279,860
225,4137
pan236,964
215,7566
109,8984
257,352
260,1027
pan331,856
pan25,82
pan183,46
pan43,370
32,1449
pan497,466
pan63,481
399,9154
251,1
pan131,202
pan487,75
70,6065
468,5205
pan191,917
492,2760
458,7329
pan291,633
297,2857
299,2190
pan353,280
428,9334
345,1220
50,7983
319,8929
pan80,270
409,3143
394,8866
103,4003
pan293,540
425,6181
112,952
332,7063
315,3244
244,5246
14,8790
9,5327
pan375,675
pan231,666
pan271,454
304,2042
257,4335
172,5056
417,2975
pan163,945
pan453,586
pan281,307
308,5789
474,3017
pan428,849
322,2475
pan157,230
66,1745
41,592
pan338,458
424,6216
83,1192
pan372,177
pan242,38
pan91,482
pan418,50
148,8922
pan245,755
pan189,908
pan147,979
pan215,564
407,7455
pan85,979
475,5811
310,4969
pan212,556
486,6317
241,1235
149,6072
pan480,450
pan397,18
204,4011
184,440
pan347,93
317,5988
373,5974
190,1583
277,8341
pan201,696
pan3,888
pan22,80
385,1136
pan177,303
pan270,55
258,6782
pan85,672
168,773
361,1361
57,9189
pan446,519
pan378,682
pan366,241
169,7357
224,4657
7,1305
pan31,269
304,7459
165,3190
207,7051
pan78,762
pan260,828
354,268
211,5445
369,800
26,6426
pan295,662
106,5131
pan149,120
200,323
pan314,732
142,6290
262,6375
60,8179
360,6300
pan138,497
pan300,554
431,2789
pan404,681
227,591
311,707
pan102,254
pan329,914
8,5279
160,5356
10,5154
pan64,978
pan353,450
pan387,380
pan478,959
37,5238
144,4684
58,7773
pan337,828
46,5591
200,2918
179,9532
129,2799
9,1497
pan320,803
pan58,336
95,533
220,9332
48,1813
491,9802
409,2303
442,2463
pan93,538
442,319
pan245,487
pan81,633
115,6169
pan299,348
pan112,438
pan414,365
70,3190
pan33,715
pan423,272
95,957
82,6504
pan68,222
pan89,999
289,3871
pan227,315
444,4455
134,9938
202,6683
pan474,869
pan283,649
139,5222
362,2393
213,4145
pan437,364
pan252,734
60,717
pan350,467
pan33,286
pan403,991
pan404,471
pan478,46
371,4555
368,5633
84,799
pan319,755
pan388,291
pan207,771
494,1089
pan337,258
160,2604
58,6382
pan113,800
246,6431
pan46,276
pan153,558
444,2945
pan67,891
9,1688
119,1019
pan223,456
pan106,298
pan258,118
pan41,661
pan318,73
pan228,70
pan173,737
pan65,145
pan253,409
124,3870
pan433,169
231,3127
349,2496
10,2478
436,5058
358,4685
447,3465
93,7041
pan354,537
224,2394
pan245,518
225,2218
pan221,523
51,9939
109,896
294,8023
111,1878
153,1759
pan42,853
pan289,905
pan307,933
pan377,394
253,6586
pan192,979
440,7882
pan315,74
45,5975
pan305,972
10,1914
pan415,210
200,8435
pan94,53
pan32,896
11,9812
394,3631
320,7059
pan295,134
120,9321
pan386,12
449,5746
pan384,621
437,3156
185,1216
pan349,381
480,6590
391,1091
26,3907
347,3268
211,7287
310,2464
pan431,760
pan87,757
155,8849
pan388,325
478,3812
69,6546
328,2951
97,9004
pan384,677
200,3589
460,4949
218,194
pan419,727
pan96,446
pan260,865
306,6617
pan110,408
114,6429
pan292,297
pan381,728
pan330,118
pan376,143
pan104,255
402,5727
119,1236
pan236,427
pan144,687
pan73,276
222,7166
451,1940
pan421,766
pan64,405
171,8261
399,3241
487,3316
pan414,4
101,8499
230,9455
396,526
337,9389
pan103,337
8,1616
122,123
215,9586
pan383,451
388,7583
239,8656
pan194,22
pan221,165
462,5382
pan300,51
268,9640
pan243,646
pan329,675
280,1103
pan215,518
pan372,699
246,1981
pan263,994
145,3255
196,4353
189,1054
335,1468
pan10,856
465,1459
483,3946
34,2672
15,6138
9,150
pan264,883
469,8078
pan24,74
344,9189
pan201,548
pan160,735
458,1555
pan131,590
pan121,497
123,2650
6,7918
84,2331
10,2941
200,5740
100,1726
pan335,574
242,387
332,3683
pan329,865
331,9563
pan249,122
pan81,149
22,9294
115,3315
193,4681
268,7247
155,8826
191,3364
pan56,884
471,878
445,142
pan95,265
389,9972
pan205,689
386,959
pan485,328
pan164,885
pan380,185
264,7817
142,7630
137,1275
pan402,22
226,8849
267,8051
pan226,720
pan407,583
292,3213
329,5351
146,4680
pan277,66
pan404,127
426,3281
128,1735
31,78
104,1626
187,7412
pan252,35
104,7675
pan284,342
202,7274
pan329,53
pan463,116
198,5786
276,4329
pan254,140
pan18,530
405,6178
pan80,619
pan423,742
pan49,659
102,6057
pan71,859
357,9088
38,5945
31,2186
413,530
91,5562
63,3198
305,8790
pan316,666
pan373,597
pan84,710
173,4285
pan470,411
8,4812
pan39,468
453,2493
pan151,924
293,84
pan459,18
pan409,2
119,7441
pan256,802
167,7521
332,7630
pan152,918
145,7971
pan70,967
6,4527
pan376,743
379,276
pan172,885
474,3727
pan347,594
477,9432
247,9130
70,9515
38,5205
417,9398
12,884
140,6681
pan26,740
pan105,417
200,1055
pan484,9
pan114,498
481,5288
pan38,927
pan288,636
24,7203
57,2646
pan297,969
pan67,667
122,4488
483,1009
482,8507
122,604
pan401,920
pan37,478
pan92,453
pan238,941
pan59,921
227,7927
pan67,38
428,9202
pan435,849
pan392,815
pan164,909
143,4746
pan448,18
pan241,315
162,1021
pan441,524
480,6595
182,6640
383,7668
198,8531
460,867
206,5253
pan224,27
391,1746
pan264,703
289,9923
pan236,371
pan376,886
pan396,181
pan279,764
pan147,239
pan252,879
pan131,161
377,8244
pan432,69
356,3908
pan227,688
pan465,449
pan146,743
pan411,773
pan150,650
29,8338
43,5233
pan139,704
pan60,418
pan468,397
pan9,165
458,5669
pan53,901
327,2234
pan329,846
pan19,605
pan104,468
160,4462
pan79,686
476,5195
142,7911
pan163,207
pan417,967
pan151,78
497,7600
pan102,125
422,2531
pan236,980
pan423,420
470,3921
pan233,743
pan440,925
260,9566
pan338,112
439,985
pan416,539
pan447,112
pan427,290
199,1481
pan473,750
pan68,496
493,8236
pan411,992
pan23,664
pan8,488
399,7308
364,5435
pan154,983
487,4768
238,3828
pan234,710
pan323,326
315,6234
479,2402
pan467,260
128,7762
pan63,327
pan398,840
167,631
pan495,474
pan58,642
384,5230
pan118,812
372,5657
pan484,173
pan246,402
pan74,531
266,8023
397,7522
pan224,157
pan218,381
pan449,692
pan113,326
pan270,627
pan295,260
pan50,360
81,2940
104,3787
127,7180
pan136,593
pan369,853
414,8671
pan92,373
220,4545
480,941
pan192,821
pan484,948
271,1
pan303,172
396,5741
249,3885
pan272,600
pan145,764
42,5893
483,3996
157,9895
105,1343
459,2225
pan131,563
224,7528
pan110,333
210,7007
pan327,596
72,9129
pan69,234
464,2819
pan307,948
pan32,561
95,6445
pan475,484
308,9920
168,1958
264,620
pan245,927
479,6129
pan150,167
pan98,861
159,3865
pan104,476
440,9923
361,6242
319,9023
439,2866
218,8185
pan348,928
367,5740
80,1868
446,3303
pan274,271
pan197,39
439,3782
pan314,537
181,5609
pan218,296
pan498,81
pan90,844
458,6110
pan113,825
pan385,848
pan276,678
pan410,449
447,81
pan56,884
353,4478
286,791
482,3303
444,9535
270,8347
pan470,957
148,4193
98,8275
179,7501
416,893
394,4966
pan185,257
pan489,750
376,4833
223,3726
32,7732
225,9124
pan353,643
pan206,425
99,3654
65,3939
pan174,930
424,9058
pan109,169
pan335,373
67,7198
43,2494
187,5290
pan464,684
pan118,109
57,2451
pan339,187
pan398,460
pan419,223
292,1361
pan343,575
189,3172
479,8347
pan15,375
pan124,461
pan427,146
466,3748
427,5876
150,8280
pan363,793
290,2141
pan315,409
162,6368
pan390,718
351,4180
498,9112
98,7453
327,1486
pan107,917
pan401,620
pan394,615
pan303,805
23,3036
pan241,598
pan273,175
237,3228
191,1209
pan177,657
447,2383
pan67,260
34,352
pan191,586
227,4136
325,4700
pan352,654
pan80,459
290,6615
pan299,221
pan182,154
442,7694
pan146,340
pan85,880
73,8075
pan273,942
427,4255
238,5489
353,4460
426,1327
pan80,871
275,5362
467,9772
pan347,68
422,2703
pan217,769
472,8160
pan313,755
pan125,78
pan452,396
pan323,660
37,7607
pan161,201
229,9441
pan284,266
pan53,516
65,4539
320,1341
pan251,381
pan147,979
pan307,652
pan267,257
468,489
409,1336
pan27,734
43,54
pan82,944
pan423,657
pan156,36
136,540
pan140,496
pan397,128
238,8150
426,4981
pan160,393
66,9090
pan10,193
pan20,861
408,1201
448,8293
296,531
277,2929
pan427,446
pan260,931
pan153,825
pan244,98
289,6914
150,1812
203,8485
496,2315
380,5632
pan161,442
108,5648
pan391,93
pan217,815
167,3198
434,4647
pan246,458
pan84,642
pan251,233
pan235,773
pan177,109
pan326,74
pan271,466
86,6618
pan136,923
pan283,177
pan94,867
pan236,912
pan469,808
242,6552
203,6029
pan277,167
pan95,765
213,8754
pan489,313
pan166,539
pan385,51
pan149,309
pan457,504
362,9949
pan391,630
410,2341
175,377
pan429,537
pan242,635
133,1869
184,887
pan346,851
pan350,51
151,3073
134,9337
pan475,656
pan204,105
241,2502
376,7112
98,4211
485,9680
189,2386
240,2890
313,6056
2,2083
159,7002
pan116,682
pan118,538
pan230,323
pan293,702
pan325,215
pan64,265
306,1160
362,7406
446,655
300,9538
pan482,396
20,4310
343,2466
pan46,851
261,5333
378,2801
39,4810
297,2412
pan452,327
pan342,244
pan90,173
pan400,570
367,1585
pan218,683
pan51,779
pan205,200
pan367,685
279,2476
pan458,982
pan203,934
pan228,686
pan298,921
235,4176
pan271,478
pan50,475
250,7437
pan287,277
pan115,157
98,9833
pan32,314
219,5136
492,4049
20,2362
pan498,894
325,6144
262,9445
392,4304
pan49,530
pan234,887
pan48,703
pan37,574
438,1673
152,922
46,9259
pan42,14
487,4024
pan143,783
pan173,330
413,9492
116,5604
pan191,248
216,6816
491,8523
250,603
116,2181
140,7084
pan424,750
pan254,160
98,4119
pan202,165
302,4259
pan118,242
pan494,163
97,7736
278,7207
pan362,720
pan465,72
pan125,568
pan97,442
pan262,876
pan373,279
467,5225
130,1388
